# Data From Kenny et al. https://doi.org/10.1021/acs.jmedchem.5b01946
0.3
1.57
0.87
0.19
0.01
1.75
0.39
0.32
0.67
-0.28
1.19
0.5
0.27
0.03
2.24
1.49
0.81
0.44
0.3
0.31
2.31
1.44
-0.02
1.0
1.32
1.03
1.74
0.41
1.27
1.39
1.63
1.6
0.09
2.29
1.14
1.13
-0.82
1.45
2.59
2.38
1.57
1.28
1.23
1.47
2.46
0.32
0.23
1.97
2.71
2.63
2.59
2.42
1.36
0.86
0.53
1.86
1.03
0.75
0.93
0.86
0.03
0.3
0.13
1.69
0.16
1.17
-0.07
0.24
1.93
0.5
0.48
0.7
1.94
1.34
1.7
0.79
0.7
1.65
1.95
0.91
1.18
0.68
0.53
0.0
0.25
-0.06
0.66
2.06
2.44
2.19
2.41
1.94
2.3
1.0
1.1
0.97
1.22
0.78
0.93
1.0
0.69
1.76
1.33
1.21
1.16
0.72
0.82
0.83
1.16
1.11
1.5
1.86
1.22
1.14
1.29
-0.22
0.99
2.1
2.06
2.26
2.21
1.19
0.75
0.43
1.42
2.11
2.26
2.24
1.22
0.3
-0.3
2.22
2.03
2.11
2.6
2.2
2.0
1.15
1.11
1.76
2.92
1.43
1.88
1.23
0.97
1.43
1.34
2.28
0.97
1.22
0.65
1.22
1.14
2.36
2.22
2.24
1.08
-0.09
-0.22
-0.67
-0.06
-0.34
2.21
2.04
0.88
1.88
2.19
1.47
2.59
2.17
1.05
2.17
1.14
2.47
2.43
2.18
1.98
1.47
2.33
0.9
2.89
0.68
2.25
2.29
2.25
1.02
2.09
1.14
1.07
0.63
0.95
1.04
1.09
0.15
1.12
0.67
0.74
1.05
1.83
0.84
0.88
1.08
0.1
0.66
1.01
0.55
1.39
2.68
1.02
0.8
3.66
-0.16
0.25
-0.1
4.89
1.94
2.01
2.07
0.27
1.7
1.47
2.09
2.13
1.56
3.21
1.04
1.74
1.0
2.44
1.7
2.23
2.15
2.36
2.0
2.12
2.1
2.35
1.65
1.49
1.43
1.8
1.28
2.32
2.08
1.9
1.37
2.1
1.6
1.02
1.92
1.35
1.54
1.59
3.6
1.3
1.19
2.15
1.25
1.53
0.39
2.8
1.61
1.74
1.06
1.7
2.19
2.38
2.11
2.6
2.53
2.79
2.09
2.46
1.32
2.18
1.66
1.8
2.06
2.39
3.16
2.62
2.7
2.26
2.03
1.96
1.64
1.03
2.0
1.5
1.82
2.11
0.82
0.11
0.82
1.49
-0.09
0.86
1.02
2.26
2.29
1.32
0.88
0.94
0.97
1.49
1.27
1.1
0.5
1.11
1.13
0.99
3.7
3.53
1.4
2.54
2.24
0.12
0.73
-0.19
0.34
3.24
5.46
3.44
0.93
-0.45
-0.53
0.02
2.5
2.21
2.29
1.24
0.56
2.07
-0.28
1.1
0.01
2.14
-0.36
1.63
2.03
2.92
2.0
3.21
2.24
1.53
1.92
1.19
2.11
1.76
0.23
2.57
1.84
2.72
1.74
0.65
0.56
-0.38
1.56
0.85
0.89
0.13
0.66
0.63
-0.12
1.68
1.31
1.0
1.31
1.35
1.37
2.2
0.14
1.87
-0.56
0.15
1.13
0.87
0.8
1.81
1.07
1.49
2.46
1.98
0.78
2.16
0.97
1.88
1.34
0.86
0.72
0.46
0.3
-0.07
1.28
2.2
1.21
2.04
2.3
1.99
1.43
2.85
1.96
1.18
1.0
1.09
2.04
1.16
1.24
1.36
1.18
1.95
1.3
-0.53
1.16
1.89
1.87
1.55
1.52
1.35
-0.48
1.94
2.27
1.97
-0.49
2.72
1.03
0.85
1.05
0.95
2.12
1.45
1.86
1.95
-0.4
-0.5
2.44
1.05
1.85
2.47
1.05
1.54
2.56
2.93
2.68
1.22
1.37
0.81
0.69
2.03
1.3
1.37
0.8
